ajy30/21/00:06:12.1604021/12
ajy1/34/00:08:53.8530665/10
